{
 "cells": [
  {
   "cell_type": "code",
   "execution_count": 3,
   "metadata": {},
   "outputs": [],
   "source": [
    "import numpy as np\n",
    "import pandas as pd\n",
    "import matplotlib.pyplot as plt\n",
    "import os"
   ]
  },
  {
   "cell_type": "code",
   "execution_count": 4,
   "metadata": {},
   "outputs": [
    {
     "data": {
      "text/plain": [
       "'/home/mittal'"
      ]
     },
     "execution_count": 4,
     "metadata": {},
     "output_type": "execute_result"
    }
   ],
   "source": [
    "pwd"
   ]
  },
  {
   "cell_type": "code",
   "execution_count": 5,
   "metadata": {},
   "outputs": [
    {
     "name": "stdout",
     "output_type": "stream",
     "text": [
      "/home/mittal/datasets/csv\n"
     ]
    }
   ],
   "source": [
    "cd/home/mittal/datasets/csv"
   ]
  },
  {
   "cell_type": "code",
   "execution_count": 6,
   "metadata": {},
   "outputs": [
    {
     "data": {
      "text/plain": [
       "'/home/mittal/datasets/csv'"
      ]
     },
     "execution_count": 6,
     "metadata": {},
     "output_type": "execute_result"
    }
   ],
   "source": [
    "pwd"
   ]
  },
  {
   "cell_type": "code",
   "execution_count": 7,
   "metadata": {},
   "outputs": [],
   "source": [
    "#impoting a wine quality dataset using pandas"
   ]
  },
  {
   "cell_type": "code",
   "execution_count": 8,
   "metadata": {},
   "outputs": [
    {
     "data": {
      "text/html": [
       "<div>\n",
       "<style scoped>\n",
       "    .dataframe tbody tr th:only-of-type {\n",
       "        vertical-align: middle;\n",
       "    }\n",
       "\n",
       "    .dataframe tbody tr th {\n",
       "        vertical-align: top;\n",
       "    }\n",
       "\n",
       "    .dataframe thead th {\n",
       "        text-align: right;\n",
       "    }\n",
       "</style>\n",
       "<table border=\"1\" class=\"dataframe\">\n",
       "  <thead>\n",
       "    <tr style=\"text-align: right;\">\n",
       "      <th></th>\n",
       "      <th>Unnamed: 0</th>\n",
       "      <th>fixed.acidity</th>\n",
       "      <th>volatile.acidity</th>\n",
       "      <th>citric.acid</th>\n",
       "      <th>residual.sugar</th>\n",
       "      <th>chlorides</th>\n",
       "      <th>free.sulfur.dioxide</th>\n",
       "      <th>total.sulfur.dioxide</th>\n",
       "      <th>density</th>\n",
       "      <th>pH</th>\n",
       "      <th>sulphates</th>\n",
       "      <th>alcohol</th>\n",
       "      <th>quality</th>\n",
       "    </tr>\n",
       "  </thead>\n",
       "  <tbody>\n",
       "    <tr>\n",
       "      <td>0</td>\n",
       "      <td>1</td>\n",
       "      <td>7.4</td>\n",
       "      <td>0.70</td>\n",
       "      <td>0.00</td>\n",
       "      <td>1.9</td>\n",
       "      <td>0.076</td>\n",
       "      <td>11.0</td>\n",
       "      <td>34.0</td>\n",
       "      <td>0.9978</td>\n",
       "      <td>3.51</td>\n",
       "      <td>0.56</td>\n",
       "      <td>9.4</td>\n",
       "      <td>5</td>\n",
       "    </tr>\n",
       "    <tr>\n",
       "      <td>1</td>\n",
       "      <td>2</td>\n",
       "      <td>7.8</td>\n",
       "      <td>0.88</td>\n",
       "      <td>0.00</td>\n",
       "      <td>2.6</td>\n",
       "      <td>0.098</td>\n",
       "      <td>25.0</td>\n",
       "      <td>67.0</td>\n",
       "      <td>0.9968</td>\n",
       "      <td>3.20</td>\n",
       "      <td>0.68</td>\n",
       "      <td>9.8</td>\n",
       "      <td>5</td>\n",
       "    </tr>\n",
       "    <tr>\n",
       "      <td>2</td>\n",
       "      <td>3</td>\n",
       "      <td>7.8</td>\n",
       "      <td>0.76</td>\n",
       "      <td>0.04</td>\n",
       "      <td>2.3</td>\n",
       "      <td>0.092</td>\n",
       "      <td>15.0</td>\n",
       "      <td>54.0</td>\n",
       "      <td>0.9970</td>\n",
       "      <td>3.26</td>\n",
       "      <td>0.65</td>\n",
       "      <td>9.8</td>\n",
       "      <td>5</td>\n",
       "    </tr>\n",
       "    <tr>\n",
       "      <td>3</td>\n",
       "      <td>4</td>\n",
       "      <td>11.2</td>\n",
       "      <td>0.28</td>\n",
       "      <td>0.56</td>\n",
       "      <td>1.9</td>\n",
       "      <td>0.075</td>\n",
       "      <td>17.0</td>\n",
       "      <td>60.0</td>\n",
       "      <td>0.9980</td>\n",
       "      <td>3.16</td>\n",
       "      <td>0.58</td>\n",
       "      <td>9.8</td>\n",
       "      <td>6</td>\n",
       "    </tr>\n",
       "    <tr>\n",
       "      <td>4</td>\n",
       "      <td>5</td>\n",
       "      <td>7.4</td>\n",
       "      <td>0.70</td>\n",
       "      <td>0.00</td>\n",
       "      <td>1.9</td>\n",
       "      <td>0.076</td>\n",
       "      <td>11.0</td>\n",
       "      <td>34.0</td>\n",
       "      <td>0.9978</td>\n",
       "      <td>3.51</td>\n",
       "      <td>0.56</td>\n",
       "      <td>9.4</td>\n",
       "      <td>5</td>\n",
       "    </tr>\n",
       "    <tr>\n",
       "      <td>5</td>\n",
       "      <td>6</td>\n",
       "      <td>7.4</td>\n",
       "      <td>0.66</td>\n",
       "      <td>0.00</td>\n",
       "      <td>1.8</td>\n",
       "      <td>0.075</td>\n",
       "      <td>13.0</td>\n",
       "      <td>40.0</td>\n",
       "      <td>0.9978</td>\n",
       "      <td>3.51</td>\n",
       "      <td>0.56</td>\n",
       "      <td>9.4</td>\n",
       "      <td>5</td>\n",
       "    </tr>\n",
       "    <tr>\n",
       "      <td>6</td>\n",
       "      <td>7</td>\n",
       "      <td>7.9</td>\n",
       "      <td>0.60</td>\n",
       "      <td>0.06</td>\n",
       "      <td>1.6</td>\n",
       "      <td>0.069</td>\n",
       "      <td>15.0</td>\n",
       "      <td>59.0</td>\n",
       "      <td>0.9964</td>\n",
       "      <td>3.30</td>\n",
       "      <td>0.46</td>\n",
       "      <td>9.4</td>\n",
       "      <td>5</td>\n",
       "    </tr>\n",
       "    <tr>\n",
       "      <td>7</td>\n",
       "      <td>8</td>\n",
       "      <td>7.3</td>\n",
       "      <td>0.65</td>\n",
       "      <td>0.00</td>\n",
       "      <td>1.2</td>\n",
       "      <td>0.065</td>\n",
       "      <td>15.0</td>\n",
       "      <td>21.0</td>\n",
       "      <td>0.9946</td>\n",
       "      <td>3.39</td>\n",
       "      <td>0.47</td>\n",
       "      <td>10.0</td>\n",
       "      <td>7</td>\n",
       "    </tr>\n",
       "    <tr>\n",
       "      <td>8</td>\n",
       "      <td>9</td>\n",
       "      <td>7.8</td>\n",
       "      <td>0.58</td>\n",
       "      <td>0.02</td>\n",
       "      <td>2.0</td>\n",
       "      <td>0.073</td>\n",
       "      <td>9.0</td>\n",
       "      <td>18.0</td>\n",
       "      <td>0.9968</td>\n",
       "      <td>3.36</td>\n",
       "      <td>0.57</td>\n",
       "      <td>9.5</td>\n",
       "      <td>7</td>\n",
       "    </tr>\n",
       "    <tr>\n",
       "      <td>9</td>\n",
       "      <td>10</td>\n",
       "      <td>7.5</td>\n",
       "      <td>0.50</td>\n",
       "      <td>0.36</td>\n",
       "      <td>6.1</td>\n",
       "      <td>0.071</td>\n",
       "      <td>17.0</td>\n",
       "      <td>102.0</td>\n",
       "      <td>0.9978</td>\n",
       "      <td>3.35</td>\n",
       "      <td>0.80</td>\n",
       "      <td>10.5</td>\n",
       "      <td>5</td>\n",
       "    </tr>\n",
       "  </tbody>\n",
       "</table>\n",
       "</div>"
      ],
      "text/plain": [
       "   Unnamed: 0  fixed.acidity  volatile.acidity  citric.acid  residual.sugar  \\\n",
       "0           1            7.4              0.70         0.00             1.9   \n",
       "1           2            7.8              0.88         0.00             2.6   \n",
       "2           3            7.8              0.76         0.04             2.3   \n",
       "3           4           11.2              0.28         0.56             1.9   \n",
       "4           5            7.4              0.70         0.00             1.9   \n",
       "5           6            7.4              0.66         0.00             1.8   \n",
       "6           7            7.9              0.60         0.06             1.6   \n",
       "7           8            7.3              0.65         0.00             1.2   \n",
       "8           9            7.8              0.58         0.02             2.0   \n",
       "9          10            7.5              0.50         0.36             6.1   \n",
       "\n",
       "   chlorides  free.sulfur.dioxide  total.sulfur.dioxide  density    pH  \\\n",
       "0      0.076                 11.0                  34.0   0.9978  3.51   \n",
       "1      0.098                 25.0                  67.0   0.9968  3.20   \n",
       "2      0.092                 15.0                  54.0   0.9970  3.26   \n",
       "3      0.075                 17.0                  60.0   0.9980  3.16   \n",
       "4      0.076                 11.0                  34.0   0.9978  3.51   \n",
       "5      0.075                 13.0                  40.0   0.9978  3.51   \n",
       "6      0.069                 15.0                  59.0   0.9964  3.30   \n",
       "7      0.065                 15.0                  21.0   0.9946  3.39   \n",
       "8      0.073                  9.0                  18.0   0.9968  3.36   \n",
       "9      0.071                 17.0                 102.0   0.9978  3.35   \n",
       "\n",
       "   sulphates  alcohol  quality  \n",
       "0       0.56      9.4        5  \n",
       "1       0.68      9.8        5  \n",
       "2       0.65      9.8        5  \n",
       "3       0.58      9.8        6  \n",
       "4       0.56      9.4        5  \n",
       "5       0.56      9.4        5  \n",
       "6       0.46      9.4        5  \n",
       "7       0.47     10.0        7  \n",
       "8       0.57      9.5        7  \n",
       "9       0.80     10.5        5  "
      ]
     },
     "execution_count": 8,
     "metadata": {},
     "output_type": "execute_result"
    }
   ],
   "source": [
    "df=pd.read_csv(\"wineQualityReds.csv\")\n",
    "df=df.head(10)\n",
    "df"
   ]
  },
  {
   "cell_type": "code",
   "execution_count": 9,
   "metadata": {},
   "outputs": [],
   "source": [
    "#i am dropping one column of dataframe which is not required"
   ]
  },
  {
   "cell_type": "code",
   "execution_count": 10,
   "metadata": {},
   "outputs": [
    {
     "data": {
      "text/html": [
       "<div>\n",
       "<style scoped>\n",
       "    .dataframe tbody tr th:only-of-type {\n",
       "        vertical-align: middle;\n",
       "    }\n",
       "\n",
       "    .dataframe tbody tr th {\n",
       "        vertical-align: top;\n",
       "    }\n",
       "\n",
       "    .dataframe thead th {\n",
       "        text-align: right;\n",
       "    }\n",
       "</style>\n",
       "<table border=\"1\" class=\"dataframe\">\n",
       "  <thead>\n",
       "    <tr style=\"text-align: right;\">\n",
       "      <th></th>\n",
       "      <th>fixed.acidity</th>\n",
       "      <th>volatile.acidity</th>\n",
       "      <th>citric.acid</th>\n",
       "      <th>residual.sugar</th>\n",
       "      <th>chlorides</th>\n",
       "      <th>free.sulfur.dioxide</th>\n",
       "      <th>total.sulfur.dioxide</th>\n",
       "      <th>density</th>\n",
       "      <th>pH</th>\n",
       "      <th>sulphates</th>\n",
       "      <th>alcohol</th>\n",
       "      <th>quality</th>\n",
       "    </tr>\n",
       "  </thead>\n",
       "  <tbody>\n",
       "    <tr>\n",
       "      <td>0</td>\n",
       "      <td>7.4</td>\n",
       "      <td>0.70</td>\n",
       "      <td>0.00</td>\n",
       "      <td>1.9</td>\n",
       "      <td>0.076</td>\n",
       "      <td>11.0</td>\n",
       "      <td>34.0</td>\n",
       "      <td>0.9978</td>\n",
       "      <td>3.51</td>\n",
       "      <td>0.56</td>\n",
       "      <td>9.4</td>\n",
       "      <td>5</td>\n",
       "    </tr>\n",
       "    <tr>\n",
       "      <td>1</td>\n",
       "      <td>7.8</td>\n",
       "      <td>0.88</td>\n",
       "      <td>0.00</td>\n",
       "      <td>2.6</td>\n",
       "      <td>0.098</td>\n",
       "      <td>25.0</td>\n",
       "      <td>67.0</td>\n",
       "      <td>0.9968</td>\n",
       "      <td>3.20</td>\n",
       "      <td>0.68</td>\n",
       "      <td>9.8</td>\n",
       "      <td>5</td>\n",
       "    </tr>\n",
       "    <tr>\n",
       "      <td>2</td>\n",
       "      <td>7.8</td>\n",
       "      <td>0.76</td>\n",
       "      <td>0.04</td>\n",
       "      <td>2.3</td>\n",
       "      <td>0.092</td>\n",
       "      <td>15.0</td>\n",
       "      <td>54.0</td>\n",
       "      <td>0.9970</td>\n",
       "      <td>3.26</td>\n",
       "      <td>0.65</td>\n",
       "      <td>9.8</td>\n",
       "      <td>5</td>\n",
       "    </tr>\n",
       "    <tr>\n",
       "      <td>3</td>\n",
       "      <td>11.2</td>\n",
       "      <td>0.28</td>\n",
       "      <td>0.56</td>\n",
       "      <td>1.9</td>\n",
       "      <td>0.075</td>\n",
       "      <td>17.0</td>\n",
       "      <td>60.0</td>\n",
       "      <td>0.9980</td>\n",
       "      <td>3.16</td>\n",
       "      <td>0.58</td>\n",
       "      <td>9.8</td>\n",
       "      <td>6</td>\n",
       "    </tr>\n",
       "    <tr>\n",
       "      <td>4</td>\n",
       "      <td>7.4</td>\n",
       "      <td>0.70</td>\n",
       "      <td>0.00</td>\n",
       "      <td>1.9</td>\n",
       "      <td>0.076</td>\n",
       "      <td>11.0</td>\n",
       "      <td>34.0</td>\n",
       "      <td>0.9978</td>\n",
       "      <td>3.51</td>\n",
       "      <td>0.56</td>\n",
       "      <td>9.4</td>\n",
       "      <td>5</td>\n",
       "    </tr>\n",
       "    <tr>\n",
       "      <td>5</td>\n",
       "      <td>7.4</td>\n",
       "      <td>0.66</td>\n",
       "      <td>0.00</td>\n",
       "      <td>1.8</td>\n",
       "      <td>0.075</td>\n",
       "      <td>13.0</td>\n",
       "      <td>40.0</td>\n",
       "      <td>0.9978</td>\n",
       "      <td>3.51</td>\n",
       "      <td>0.56</td>\n",
       "      <td>9.4</td>\n",
       "      <td>5</td>\n",
       "    </tr>\n",
       "    <tr>\n",
       "      <td>6</td>\n",
       "      <td>7.9</td>\n",
       "      <td>0.60</td>\n",
       "      <td>0.06</td>\n",
       "      <td>1.6</td>\n",
       "      <td>0.069</td>\n",
       "      <td>15.0</td>\n",
       "      <td>59.0</td>\n",
       "      <td>0.9964</td>\n",
       "      <td>3.30</td>\n",
       "      <td>0.46</td>\n",
       "      <td>9.4</td>\n",
       "      <td>5</td>\n",
       "    </tr>\n",
       "    <tr>\n",
       "      <td>7</td>\n",
       "      <td>7.3</td>\n",
       "      <td>0.65</td>\n",
       "      <td>0.00</td>\n",
       "      <td>1.2</td>\n",
       "      <td>0.065</td>\n",
       "      <td>15.0</td>\n",
       "      <td>21.0</td>\n",
       "      <td>0.9946</td>\n",
       "      <td>3.39</td>\n",
       "      <td>0.47</td>\n",
       "      <td>10.0</td>\n",
       "      <td>7</td>\n",
       "    </tr>\n",
       "    <tr>\n",
       "      <td>8</td>\n",
       "      <td>7.8</td>\n",
       "      <td>0.58</td>\n",
       "      <td>0.02</td>\n",
       "      <td>2.0</td>\n",
       "      <td>0.073</td>\n",
       "      <td>9.0</td>\n",
       "      <td>18.0</td>\n",
       "      <td>0.9968</td>\n",
       "      <td>3.36</td>\n",
       "      <td>0.57</td>\n",
       "      <td>9.5</td>\n",
       "      <td>7</td>\n",
       "    </tr>\n",
       "    <tr>\n",
       "      <td>9</td>\n",
       "      <td>7.5</td>\n",
       "      <td>0.50</td>\n",
       "      <td>0.36</td>\n",
       "      <td>6.1</td>\n",
       "      <td>0.071</td>\n",
       "      <td>17.0</td>\n",
       "      <td>102.0</td>\n",
       "      <td>0.9978</td>\n",
       "      <td>3.35</td>\n",
       "      <td>0.80</td>\n",
       "      <td>10.5</td>\n",
       "      <td>5</td>\n",
       "    </tr>\n",
       "  </tbody>\n",
       "</table>\n",
       "</div>"
      ],
      "text/plain": [
       "   fixed.acidity  volatile.acidity  citric.acid  residual.sugar  chlorides  \\\n",
       "0            7.4              0.70         0.00             1.9      0.076   \n",
       "1            7.8              0.88         0.00             2.6      0.098   \n",
       "2            7.8              0.76         0.04             2.3      0.092   \n",
       "3           11.2              0.28         0.56             1.9      0.075   \n",
       "4            7.4              0.70         0.00             1.9      0.076   \n",
       "5            7.4              0.66         0.00             1.8      0.075   \n",
       "6            7.9              0.60         0.06             1.6      0.069   \n",
       "7            7.3              0.65         0.00             1.2      0.065   \n",
       "8            7.8              0.58         0.02             2.0      0.073   \n",
       "9            7.5              0.50         0.36             6.1      0.071   \n",
       "\n",
       "   free.sulfur.dioxide  total.sulfur.dioxide  density    pH  sulphates  \\\n",
       "0                 11.0                  34.0   0.9978  3.51       0.56   \n",
       "1                 25.0                  67.0   0.9968  3.20       0.68   \n",
       "2                 15.0                  54.0   0.9970  3.26       0.65   \n",
       "3                 17.0                  60.0   0.9980  3.16       0.58   \n",
       "4                 11.0                  34.0   0.9978  3.51       0.56   \n",
       "5                 13.0                  40.0   0.9978  3.51       0.56   \n",
       "6                 15.0                  59.0   0.9964  3.30       0.46   \n",
       "7                 15.0                  21.0   0.9946  3.39       0.47   \n",
       "8                  9.0                  18.0   0.9968  3.36       0.57   \n",
       "9                 17.0                 102.0   0.9978  3.35       0.80   \n",
       "\n",
       "   alcohol  quality  \n",
       "0      9.4        5  \n",
       "1      9.8        5  \n",
       "2      9.8        5  \n",
       "3      9.8        6  \n",
       "4      9.4        5  \n",
       "5      9.4        5  \n",
       "6      9.4        5  \n",
       "7     10.0        7  \n",
       "8      9.5        7  \n",
       "9     10.5        5  "
      ]
     },
     "execution_count": 10,
     "metadata": {},
     "output_type": "execute_result"
    }
   ],
   "source": [
    "df=df.drop('Unnamed: 0',axis=1)\n",
    "df"
   ]
  },
  {
   "cell_type": "code",
   "execution_count": 11,
   "metadata": {},
   "outputs": [
    {
     "data": {
      "text/plain": [
       "(10, 12)"
      ]
     },
     "execution_count": 11,
     "metadata": {},
     "output_type": "execute_result"
    }
   ],
   "source": [
    "np.shape(df)"
   ]
  },
  {
   "cell_type": "markdown",
   "metadata": {},
   "source": [
    "now find out first A.A(TRANSPOSE) which will be needed to calculate right singular eigen vector"
   ]
  },
  {
   "cell_type": "code",
   "execution_count": 13,
   "metadata": {},
   "outputs": [
    {
     "data": {
      "text/plain": [
       "matrix([[ 1462.85508084,  2746.01085504,  2193.5503986 ,  2448.2239044 ,\n",
       "          1462.85508084,  1688.63700484,  2359.12005192,  1077.91445188,\n",
       "           910.33895504,  3859.34750084],\n",
       "        [ 2746.01085504,  5315.12001424,  4193.4056256 ,  4675.0949564 ,\n",
       "          2746.01085504,  3197.71555704,  4523.30077352,  1987.79738728,\n",
       "          1637.79076424,  7473.96556504],\n",
       "        [ 2193.5503986 ,  4193.4056256 ,  3340.801773  ,  3724.685706  ,\n",
       "          2193.5503986 ,  2547.2899066 ,  3605.9351588 ,  1564.5484962 ,\n",
       "          1313.3062256 ,  5976.2667386 ],\n",
       "        [ 2448.2239044 ,  4675.0949564 ,  3724.685706  ,  4161.805629  ,\n",
       "          2448.2239044 ,  2842.0226294 ,  4020.5359822 ,  1751.2044858 ,\n",
       "          1471.3820814 ,  6649.8827294 ],\n",
       "        [ 1462.85508084,  2746.01085504,  2193.5503986 ,  2448.2239044 ,\n",
       "          1462.85508084,  1688.63700484,  2359.12005192,  1077.91445188,\n",
       "           910.33895504,  3859.34750084],\n",
       "        [ 1688.63700484,  3197.71555704,  2547.2899066 ,  2842.0226294 ,\n",
       "          1688.63700484,  1954.43052984,  2742.93598292,  1233.76838688,\n",
       "          1036.11568204,  4504.71742984],\n",
       "        [ 2359.12005192,  4523.30077352,  3605.9351588 ,  4020.5359822 ,\n",
       "          2359.12005192,  2742.93598292,  3896.79277396,  1665.37870444,\n",
       "          1398.81764852,  6478.45370692],\n",
       "        [ 1077.91445188,  1987.79738728,  1564.5484962 ,  1751.2044858 ,\n",
       "          1077.91445188,  1233.76838688,  1665.37870444,   882.85895416,\n",
       "           729.37146228,  2612.12452688],\n",
       "        [  910.33895504,  1637.79076424,  1313.3062256 ,  1471.3820814 ,\n",
       "           910.33895504,  1036.11568204,  1398.81764852,   729.37146228,\n",
       "           622.04023924,  2207.45899004],\n",
       "        [ 3859.34750084,  7473.96556504,  5976.2667386 ,  6649.8827294 ,\n",
       "          3859.34750084,  4504.71742984,  6478.45370692,  2612.12452688,\n",
       "          2207.45899004, 10934.95274584]])"
      ]
     },
     "execution_count": 13,
     "metadata": {},
     "output_type": "execute_result"
    }
   ],
   "source": [
    "def multiply(df):\n",
    "    df=np.matrix(df)\n",
    "    df1=df.dot(df.T)\n",
    "    df1\n",
    "    return(df1)\n",
    "\n",
    "df1=multiply(df)\n",
    "df1"
   ]
  },
  {
   "cell_type": "code",
   "execution_count": 14,
   "metadata": {},
   "outputs": [],
   "source": [
    "#calculating right singular values(V) corresponding to above matrix"
   ]
  },
  {
   "cell_type": "code",
   "execution_count": 15,
   "metadata": {},
   "outputs": [
    {
     "name": "stdout",
     "output_type": "stream",
     "text": [
      "[ 3.34240304e+04+0.j  5.24694340e+02+0.j  7.02384810e+01+0.j\n",
      "  1.10704803e+01+0.j  3.30437573e+00+0.j  1.06507859e+00+0.j\n",
      "  5.64411177e-02+0.j  5.16885353e-02+0.j  1.50957492e-03+0.j\n",
      " -2.56526137e-13+0.j]\n",
      "[[ 2.07097757e-01 -2.18292140e-01  2.33564917e-01 -5.65121082e-02\n",
      "  -3.15639786e-01  3.30111546e-01 -7.07106781e-01  3.58775182e-01\n",
      "   1.02925028e-01  6.16244403e-02]\n",
      " [ 3.96854249e-01 -1.04715290e-01 -8.00707045e-01 -1.31270414e-01\n",
      "   5.58940682e-02  2.51878488e-01  2.63816242e-12  8.91284465e-02\n",
      "  -3.59513475e-02 -3.12048746e-01]\n",
      " [ 3.16093210e-01 -4.20415814e-02  2.91923713e-02  1.12061831e-02\n",
      "  -2.52249300e-01 -1.79761132e-02 -3.05658413e-12 -2.45584075e-01\n",
      "  -8.25830976e-01  3.01792354e-01]\n",
      " [ 3.52393071e-01 -7.92022398e-02  4.43383135e-02  8.08803999e-01\n",
      "   3.83116492e-01  1.41658657e-01 -1.14099661e-12 -8.46089752e-03\n",
      "   1.03081319e-01  1.89403184e-01]\n",
      " [ 2.07097757e-01 -2.18292140e-01  2.33564917e-01 -5.65121082e-02\n",
      "  -3.15639786e-01  3.30111546e-01  7.07106781e-01  3.58775182e-01\n",
      "   1.02925028e-01  6.16244403e-02]\n",
      " [ 2.40685247e-01 -1.81600944e-01  8.60494527e-02 -3.22921164e-02\n",
      "  -3.20794365e-01  1.01336899e-01 -8.61307382e-12 -7.86392031e-01\n",
      "   4.01903945e-01 -8.67584027e-02]\n",
      " [ 1.23349513e-01 -4.38515621e-01  4.05627101e-01 -1.71572105e-01\n",
      "   4.57258999e-01  2.34368033e-03  2.50508319e-12 -5.99232783e-02\n",
      "  -2.48407441e-01 -5.69324401e-01]\n",
      " [ 5.66891661e-01  5.98209365e-01  2.36361150e-01 -3.83976708e-01\n",
      "   2.90258113e-01  1.19130079e-03 -5.84430474e-13  1.67493346e-02\n",
      "   1.38762274e-01  1.16995703e-01]\n",
      " [ 1.46988099e-01 -5.48831552e-01 -1.34408692e-01 -3.03035768e-01\n",
      "   2.37086726e-01 -4.11947082e-01 -2.45021629e-12  5.86928278e-02\n",
      "   1.94610662e-01  5.47771286e-01]\n",
      " [ 3.41344110e-01  3.66869492e-02  3.27851029e-02  2.28785482e-01\n",
      "  -3.67091601e-01 -7.19891081e-01  3.84212190e-12  2.20238775e-01\n",
      "   6.73535599e-02 -3.50256441e-01]]\n"
     ]
    }
   ],
   "source": [
    "import scipy.linalg as la\n",
    "def val2_vect2(df1):\n",
    "    val2,vect2=la.eig(df1)\n",
    "    index=val2.argsort()[::-1]\n",
    "    val2=val2[index]\n",
    "    vect2=vect2[index]\n",
    "    return(val2,vect2)\n",
    "\n",
    "val2,vect2=val2_vect2(df1)\n",
    "print(val2)\n",
    "print(vect2)"
   ]
  },
  {
   "cell_type": "code",
   "execution_count": 16,
   "metadata": {},
   "outputs": [],
   "source": [
    "#now we will compute A(TRANSPOSE).A which would be required for left singular vector(U)\n"
   ]
  },
  {
   "cell_type": "code",
   "execution_count": 17,
   "metadata": {},
   "outputs": [
    {
     "data": {
      "text/plain": [
       "matrix([[6.44190000e+02, 4.89310000e+01, 9.91400000e+00, 1.83690000e+02,\n",
       "         6.12330000e+00, 1.18710000e+03, 3.93980000e+03, 7.92710800e+01,\n",
       "         2.65852000e+02, 4.68130000e+01, 7.71430000e+02, 4.38900000e+02],\n",
       "        [4.89310000e+01, 4.21490000e+00, 4.14800000e-01, 1.43660000e+01,\n",
       "         4.94550000e-01, 9.46100000e+01, 3.01290000e+02, 6.29118600e+00,\n",
       "         2.12163000e+01, 3.72050000e+00, 6.10800000e+01, 3.42900000e+01],\n",
       "        [9.91400000e+00, 4.14800000e-01, 4.48800000e-01, 3.48800000e+00,\n",
       "         7.68400000e-02, 1.73200000e+01, 7.63800000e+01, 1.03768800e+00,\n",
       "         3.37120000e+00, 6.77800000e-01, 1.04140000e+01, 5.80000000e+00],\n",
       "        [1.83690000e+02, 1.43660000e+01, 3.48800000e+00, 7.13300000e+01,\n",
       "         1.80020000e+00, 3.60700000e+02, 1.39140000e+03, 2.32366000e+01,\n",
       "         7.79810000e+01, 1.48210000e+01, 2.29370000e+02, 1.24800000e+02],\n",
       "        [6.12330000e+00, 4.94550000e-01, 7.68400000e-02, 1.80020000e+00,\n",
       "         6.02260000e-02, 1.16260000e+01, 3.81940000e+01, 7.67771800e-01,\n",
       "         2.57847000e+00, 4.57760000e-01, 7.46840000e+00, 4.20100000e+00],\n",
       "        [1.18710000e+03, 9.46100000e+01, 1.73200000e+01, 3.60700000e+02,\n",
       "         1.16260000e+01, 2.37000000e+03, 7.86900000e+03, 1.47562800e+02,\n",
       "         4.93010000e+02, 8.88900000e+01, 1.44260000e+03, 8.05000000e+02],\n",
       "        [3.93980000e+03, 3.01290000e+02, 7.63800000e+01, 1.39140000e+03,\n",
       "         3.81940000e+01, 7.86900000e+03, 2.95670000e+04, 4.87658200e+02,\n",
       "         1.62719000e+03, 3.04810000e+02, 4.79560000e+03, 2.58300000e+03],\n",
       "        [7.92710800e+01, 6.29118600e+00, 1.03768800e+00, 2.32366000e+01,\n",
       "         7.67771800e-01, 1.47562800e+02, 4.87658200e+02, 9.94169496e+00,\n",
       "         3.34521860e+01, 5.87324000e+00, 9.67162600e+01, 5.48348000e+01],\n",
       "        [2.65852000e+02, 2.12163000e+01, 3.37120000e+00, 7.79810000e+01,\n",
       "         2.57847000e+00, 4.93010000e+02, 1.62719000e+03, 3.34521860e+01,\n",
       "         1.12707700e+02, 1.97311000e+01, 3.25273000e+02, 1.84410000e+02],\n",
       "        [4.68130000e+01, 3.72050000e+00, 6.77800000e-01, 1.48210000e+01,\n",
       "         4.57760000e-01, 8.88900000e+01, 3.04810000e+02, 5.87324000e+00,\n",
       "         1.97311000e+01, 3.55950000e+00, 5.73490000e+01, 3.21100000e+01],\n",
       "        [7.71430000e+02, 6.10800000e+01, 1.04140000e+01, 2.29370000e+02,\n",
       "         7.46840000e+00, 1.44260000e+03, 4.79560000e+03, 9.67162600e+01,\n",
       "         3.25273000e+02, 5.73490000e+01, 9.42060000e+02, 5.33800000e+02],\n",
       "        [4.38900000e+02, 3.42900000e+01, 5.80000000e+00, 1.24800000e+02,\n",
       "         4.20100000e+00, 8.05000000e+02, 2.58300000e+03, 5.48348000e+01,\n",
       "         1.84410000e+02, 3.21100000e+01, 5.33800000e+02, 3.09000000e+02]])"
      ]
     },
     "execution_count": 17,
     "metadata": {},
     "output_type": "execute_result"
    }
   ],
   "source": [
    "def multiply1(df):\n",
    "    df=np.matrix(df)\n",
    "    df2=(df.T).dot(df)\n",
    "    df2\n",
    "    return(df2)\n",
    "\n",
    "df2=multiply1(df)\n",
    "df2"
   ]
  },
  {
   "cell_type": "code",
   "execution_count": 18,
   "metadata": {},
   "outputs": [],
   "source": [
    "#calculating left singular vector(V) using corresponding A(TRANSPOSE).A"
   ]
  },
  {
   "cell_type": "code",
   "execution_count": 19,
   "metadata": {},
   "outputs": [
    {
     "name": "stdout",
     "output_type": "stream",
     "text": [
      "[ 3.34240304e+04+0.j  5.24694340e+02+0.j  7.02384810e+01+0.j\n",
      "  1.10704803e+01+0.j  3.30437573e+00+0.j  1.06507859e+00+0.j\n",
      "  5.64411177e-02+0.j  5.16885353e-02+0.j  1.50957492e-03+0.j\n",
      "  7.51793905e-14+0.j  2.46566608e-17+0.j -4.66776831e-14+0.j]\n",
      "[[ 1.27650415e-01 -4.04119031e-01 -3.32510847e-01  7.28509035e-01\n",
      "   1.58572552e-01  3.67647209e-01 -5.94417413e-02 -8.89052518e-02\n",
      "  -5.19419377e-02  6.61278443e-02 -3.75936266e-03  2.13333325e-04]\n",
      " [ 9.80327918e-03 -3.76188866e-02  5.82330705e-05 -9.98331091e-02\n",
      "  -1.89614075e-01  7.64989102e-02 -5.42318420e-01 -3.91495638e-01\n",
      "  -4.27232433e-01 -3.88204646e-01 -2.97487098e-01 -2.73654513e-03]\n",
      " [ 2.39036617e-03  7.10512025e-03 -1.44575974e-02  9.78117690e-02\n",
      "   1.62872051e-01  3.47782565e-02  3.10303193e-01  5.62363852e-01\n",
      "  -8.96747608e-02 -6.52199667e-01 -1.58971078e-01  9.64041222e-03]\n",
      " [ 4.41732610e-02  2.16672999e-02 -1.49890174e-01 -5.21352513e-01\n",
      "   4.94259184e-01  6.64045791e-01  3.55487799e-02 -3.25061261e-02\n",
      "  -9.76169738e-02  6.18740306e-02  3.17268083e-02  3.25755313e-03]\n",
      " [ 1.23777401e-03 -3.90950771e-03 -1.12344163e-03 -1.76820118e-03\n",
      "  -9.33155978e-03  1.47656461e-02 -7.14125247e-02 -3.32839967e-02\n",
      "   8.01213933e-02  4.08038516e-02 -1.06036387e-02  9.62831231e-01]\n",
      " [ 2.53857198e-01 -5.77024103e-01  7.66574529e-01 -6.38881529e-02\n",
      "   6.15230915e-02  7.66687403e-02  3.36359385e-02  4.96703813e-03\n",
      "   6.27902427e-04  4.38726329e-03  5.22401272e-03 -4.31056356e-04]\n",
      " [ 9.39606972e-01  3.32527069e-01 -5.19722245e-02  2.53719202e-02\n",
      "  -1.50973538e-02 -5.33266109e-02 -2.40861872e-03 -1.04354675e-02\n",
      "   2.74446469e-03 -3.01241758e-03 -3.19757203e-03  3.40206242e-04]\n",
      " [ 1.58118834e-02 -5.20250575e-02 -4.37099833e-02 -2.55709716e-02\n",
      "  -8.13924694e-02  1.05743518e-02  6.80894109e-03 -1.74510169e-01\n",
      "  -4.28403233e-02 -5.67770290e-01  9.12100162e-01 -2.43555966e-01]\n",
      " [ 5.27881574e-02 -1.79040413e-01 -1.69665000e-01 -1.42122973e-01\n",
      "  -3.70518551e-01  1.04503530e-01  6.89899326e-01 -4.75094419e-01\n",
      "   8.33661005e-02 -7.95395242e-02 -2.01836506e-01  5.13020430e-02]\n",
      " [ 9.82575395e-03 -2.19641639e-02 -2.17396227e-02 -4.09991243e-02\n",
      "  -8.22520734e-04  1.41229353e-01 -2.91448539e-01 -8.93921555e-02\n",
      "   8.83897640e-01 -2.63586374e-01 -9.04757711e-02 -1.04098587e-01]\n",
      " [ 8.41638747e-02 -3.50860026e-01 -2.88588380e-01 -1.72001793e-01\n",
      "   5.68164289e-01 -6.13801072e-01  9.88332581e-03 -2.18102990e-01\n",
      "   2.37938567e-02 -6.31230453e-02 -5.35281999e-02  7.52699728e-03]\n",
      " [ 1.55336078e-01 -4.82554726e-01 -4.02453631e-01 -3.47973326e-01\n",
      "  -4.44141461e-01 -1.21230701e-02 -1.93704216e-01  4.56670011e-01\n",
      "  -1.22513980e-02  1.09024072e-01  3.66487795e-02 -2.38596600e-04]]\n"
     ]
    }
   ],
   "source": [
    "import scipy.linalg as la\n",
    "def eig_val_eig_vect(df2):\n",
    "    eig_val,eig_vect=la.eig(df2)\n",
    "    index=eig_val.argsort()[::-1]\n",
    "    eig_val=eig_val[index]\n",
    "    eig_vect=eig_vect[index]\n",
    "    return(eig_val,eig_vect)\n",
    "\n",
    "eig_val,eig_vect=eig_val_eig_vect(df2)\n",
    "print(eig_val)\n",
    "print(eig_vect)"
   ]
  },
  {
   "cell_type": "code",
   "execution_count": 20,
   "metadata": {},
   "outputs": [
    {
     "data": {
      "text/plain": [
       "(12, 12)"
      ]
     },
     "execution_count": 20,
     "metadata": {},
     "output_type": "execute_result"
    }
   ],
   "source": [
    "np.shape(eig_vect)"
   ]
  },
  {
   "cell_type": "code",
   "execution_count": 21,
   "metadata": {},
   "outputs": [],
   "source": [
    "#taking square root of eigen values"
   ]
  },
  {
   "cell_type": "code",
   "execution_count": 22,
   "metadata": {},
   "outputs": [
    {
     "data": {
      "text/plain": [
       "array([1.82822401e+02+0.00000000e+00j, 2.29062075e+01+0.00000000e+00j,\n",
       "       8.38084011e+00+0.00000000e+00j, 3.32723314e+00+0.00000000e+00j,\n",
       "       1.81779419e+00+0.00000000e+00j, 1.03202645e+00+0.00000000e+00j,\n",
       "       2.37573394e-01+0.00000000e+00j, 2.27351128e-01+0.00000000e+00j,\n",
       "       3.88532485e-02+0.00000000e+00j, 2.74188604e-07+0.00000000e+00j,\n",
       "       4.96554738e-09+0.00000000e+00j, 0.00000000e+00+2.16050187e-07j])"
      ]
     },
     "execution_count": 22,
     "metadata": {},
     "output_type": "execute_result"
    }
   ],
   "source": [
    "import numpy as geek\n",
    "sigma=geek.sqrt(eig_val)\n",
    "sigma"
   ]
  },
  {
   "cell_type": "code",
   "execution_count": 23,
   "metadata": {},
   "outputs": [
    {
     "data": {
      "text/plain": [
       "array([[1.82822401e+02+0.j, 0.00000000e+00+0.j, 0.00000000e+00+0.j,\n",
       "        0.00000000e+00+0.j, 0.00000000e+00+0.j, 0.00000000e+00+0.j,\n",
       "        0.00000000e+00+0.j, 0.00000000e+00+0.j, 0.00000000e+00+0.j,\n",
       "        0.00000000e+00+0.j],\n",
       "       [0.00000000e+00+0.j, 2.29062075e+01+0.j, 0.00000000e+00+0.j,\n",
       "        0.00000000e+00+0.j, 0.00000000e+00+0.j, 0.00000000e+00+0.j,\n",
       "        0.00000000e+00+0.j, 0.00000000e+00+0.j, 0.00000000e+00+0.j,\n",
       "        0.00000000e+00+0.j],\n",
       "       [0.00000000e+00+0.j, 0.00000000e+00+0.j, 8.38084011e+00+0.j,\n",
       "        0.00000000e+00+0.j, 0.00000000e+00+0.j, 0.00000000e+00+0.j,\n",
       "        0.00000000e+00+0.j, 0.00000000e+00+0.j, 0.00000000e+00+0.j,\n",
       "        0.00000000e+00+0.j],\n",
       "       [0.00000000e+00+0.j, 0.00000000e+00+0.j, 0.00000000e+00+0.j,\n",
       "        3.32723314e+00+0.j, 0.00000000e+00+0.j, 0.00000000e+00+0.j,\n",
       "        0.00000000e+00+0.j, 0.00000000e+00+0.j, 0.00000000e+00+0.j,\n",
       "        0.00000000e+00+0.j],\n",
       "       [0.00000000e+00+0.j, 0.00000000e+00+0.j, 0.00000000e+00+0.j,\n",
       "        0.00000000e+00+0.j, 1.81779419e+00+0.j, 0.00000000e+00+0.j,\n",
       "        0.00000000e+00+0.j, 0.00000000e+00+0.j, 0.00000000e+00+0.j,\n",
       "        0.00000000e+00+0.j],\n",
       "       [0.00000000e+00+0.j, 0.00000000e+00+0.j, 0.00000000e+00+0.j,\n",
       "        0.00000000e+00+0.j, 0.00000000e+00+0.j, 1.03202645e+00+0.j,\n",
       "        0.00000000e+00+0.j, 0.00000000e+00+0.j, 0.00000000e+00+0.j,\n",
       "        0.00000000e+00+0.j],\n",
       "       [0.00000000e+00+0.j, 0.00000000e+00+0.j, 0.00000000e+00+0.j,\n",
       "        0.00000000e+00+0.j, 0.00000000e+00+0.j, 0.00000000e+00+0.j,\n",
       "        2.37573394e-01+0.j, 0.00000000e+00+0.j, 0.00000000e+00+0.j,\n",
       "        0.00000000e+00+0.j],\n",
       "       [0.00000000e+00+0.j, 0.00000000e+00+0.j, 0.00000000e+00+0.j,\n",
       "        0.00000000e+00+0.j, 0.00000000e+00+0.j, 0.00000000e+00+0.j,\n",
       "        0.00000000e+00+0.j, 2.27351128e-01+0.j, 0.00000000e+00+0.j,\n",
       "        0.00000000e+00+0.j],\n",
       "       [0.00000000e+00+0.j, 0.00000000e+00+0.j, 0.00000000e+00+0.j,\n",
       "        0.00000000e+00+0.j, 0.00000000e+00+0.j, 0.00000000e+00+0.j,\n",
       "        0.00000000e+00+0.j, 0.00000000e+00+0.j, 3.88532485e-02+0.j,\n",
       "        0.00000000e+00+0.j],\n",
       "       [0.00000000e+00+0.j, 0.00000000e+00+0.j, 0.00000000e+00+0.j,\n",
       "        0.00000000e+00+0.j, 0.00000000e+00+0.j, 0.00000000e+00+0.j,\n",
       "        0.00000000e+00+0.j, 0.00000000e+00+0.j, 0.00000000e+00+0.j,\n",
       "        2.74188604e-07+0.j]])"
      ]
     },
     "execution_count": 23,
     "metadata": {},
     "output_type": "execute_result"
    }
   ],
   "source": [
    "sigma=np.diag(sigma)\n",
    "sigma=sigma[:10,:10]\n",
    "sigma"
   ]
  },
  {
   "cell_type": "code",
   "execution_count": 24,
   "metadata": {},
   "outputs": [
    {
     "data": {
      "text/plain": [
       "((10, 10), (12, 12), (10, 10))"
      ]
     },
     "execution_count": 24,
     "metadata": {},
     "output_type": "execute_result"
    }
   ],
   "source": [
    "np.shape(vect2),np.shape(eig_vect),np.shape(sigma)"
   ]
  },
  {
   "cell_type": "code",
   "execution_count": 25,
   "metadata": {},
   "outputs": [
    {
     "data": {
      "text/plain": [
       "(12, 12)"
      ]
     },
     "execution_count": 25,
     "metadata": {},
     "output_type": "execute_result"
    }
   ],
   "source": [
    "np.shape(eig_vect)"
   ]
  },
  {
   "cell_type": "code",
   "execution_count": 26,
   "metadata": {},
   "outputs": [
    {
     "data": {
      "text/plain": [
       "array([[ 6.10274094e+00+0.j,  7.70480397e-01+0.j, -7.99327210e-02+0.j,\n",
       "         1.30240068e+00+0.j,  8.45332395e-02+0.j,  1.39949675e+01+0.j,\n",
       "         3.37963396e+01+0.j,  8.12809708e-01+0.j,  2.68240527e+00+0.j,\n",
       "         5.40794338e-01+0.j,  3.85398403e+00+0.j,  7.89232656e+00+0.j],\n",
       "       [ 1.22539692e+01+0.j,  8.37996214e-01+0.j,  2.47795476e-01+0.j,\n",
       "         4.60884243e+00+0.j,  1.09597755e-01+0.j,  1.47123950e+01+0.j,\n",
       "         6.76965627e+01+0.j,  1.56749318e+00+0.j,  5.43983941e+00+0.j,\n",
       "         9.62955398e-01+0.j,  8.85344187e+00+0.j,  1.52413811e+01+0.j],\n",
       "       [ 7.63886206e+00+0.j,  7.20133178e-01+0.j,  2.75544134e-02+0.j,\n",
       "         2.24174015e+00+0.j,  7.82462669e-02+0.j,  1.53810500e+01+0.j,\n",
       "         5.39752812e+01+0.j,  1.00044853e+00+0.j,  3.36798934e+00+0.j,\n",
       "         5.56511314e-01+0.j,  4.88688065e+00+0.j,  9.50874920e+00+0.j],\n",
       "       [ 1.09581472e+01+0.j,  3.09364943e-01+0.j,  5.16028772e-01+0.j,\n",
       "         1.78883677e+00+0.j,  7.77057451e-02+0.j,  1.75686616e+01+0.j,\n",
       "         5.99619136e+01+0.j,  9.73041416e-01+0.j,  3.03869079e+00+0.j,\n",
       "         5.78251581e-01+0.j,  5.79518227e+00+0.j,  9.48505818e+00+0.j],\n",
       "       [ 6.08276973e+00+0.j,  5.88272517e-01+0.j,  2.43227956e-02+0.j,\n",
       "         1.31434434e+00+0.j,  6.05400940e-02+0.j,  1.40062685e+01+0.j,\n",
       "         3.37955303e+01+0.j,  8.15097373e-01+0.j,  2.91419731e+00+0.j,\n",
       "         4.42873599e-01+0.j,  3.85730463e+00+0.j,  7.82724592e+00+0.j],\n",
       "       [ 6.94100152e+00+0.j,  7.80520009e-01+0.j, -1.38592312e-01+0.j,\n",
       "         1.58704290e+00+0.j,  8.42955430e-02+0.j,  1.41016450e+01+0.j,\n",
       "         3.99268876e+01+0.j,  9.62503513e-01+0.j,  3.27373808e+00+0.j,\n",
       "         5.57486956e-01+0.j,  4.61715222e+00+0.j,  8.76556683e+00+0.j],\n",
       "       [ 5.52607940e+00+0.j,  5.08168908e-01+0.j,  6.21883060e-03+0.j,\n",
       "         9.80400635e-01+0.j,  5.63327701e-02+0.j,  1.42144867e+01+0.j,\n",
       "         1.76452577e+01+0.j,  6.80320782e-01+0.j,  2.19114272e+00+0.j,\n",
